cgmlst-dists	231691324_S6	233421898_S5	233422248_S3	233430166_S4	23SB-106M0036_S15_L001	23SB-143M0036_S5_L001	23SC-014M0062_S3_L001	23SC-035M0015_S9_L001	23SC-083M0072_S18_L001	23SC-088M0045_S21_L001	23SC-089M0067_S23_L001	23SC-121M0012_S12_L001	23SC-140M0057_S6_L001	23SG-024M0143_S4_L001	23SG-034M0106_S8_L001	23SG-074M0109_S16_L001	23SG-130M0102_S10_L001	23SG-145M0015_S3_L001	23SH-005M1638_S1_L001	23SH-009M1094_S2_L001	23SH-029M0358_S5_L001	23SH-030M2179_S6_L001	23SH-033M1095_S7_L001	23SH-038M1879_S10_L001	23SH-049M0198_S11_L001	23SH-050M1003_S12_L001	23SH-053M1623_S13_L001	23SH-053M1624_S14_L001	23SH-063M0013_S15_L001	23SH-065M0295_S16_L001	23SH-066M0152_S17_L001	23SH-071M0020_S18_L001	23SH-077M0027_S17_L001	23SH-084M0850_S19_L001	23SH-089M0615_S20_L001	23SH-090M0134_S22_L001	23SH-103M0533_S19_L001	23SH-108M0271_S14_L001	23SH-113M0067_S13_L001	23SH-126M0162_S11_L001	23SH-134M0555_S9_L001	23SH-139M0292_S8_L001	23SH-141M0012_S7_L001	23SH-149M0289_S4_L001	23SH-229M0995_S22_L001	23SH-230M0762_S21_L001	23SH-353M1519_S20_L001	ATCC19615-1_S19	ATCC19615-2_S20	ATCC19615-3_S21	L368066864_S1	L368070486_S2	R100_S34	R101_S35	R102_S36	R103_S1	R104_S2	R105_S3	R151_S1	R152_S2	R153_S3	R154_S4	R155_S5	R156_S6	R157_S7	R158_S8	R160_S9	R161_S10	R162_S11	R163_S12	R164_S13	R165_S14	R166_S15	R167_S16	R168_S17	R169_S18	R174_S19	R176_S20	R177_S21	R178_S22	R179_S23	R180_S24	R181_S25	R182_S1	R183_S2	R184_S3	R185_S4	R186_S5	R187_S6	R188_S7	R189_S1	R190_S8	R191_S9	R192_S2	R193_S10	R194_S11	R195_S12	R196_S13	R197_S14	R198_S15	R199_S16	R201_S17	R202_S3	R203_S4	R204_S26	R205_S27	R206_S18	R207_S19	R208_S20	R209_S5	R210_S21	R211_S22	R212_S6	R213_S28	R214_S29	R215_S30	R216_S31	R217_S32	R219_S7	R220_S33	R221_S34	R222_S8	R223_S9	R224_S35	R225_S10	R226_S36	R227_S11	R228_S37	R229_S12	R41_S10	R42_S11	R43_S12	R44_S13	R48_S14	R49_S15	R51_S16	R52_S17	R54_S18	R58_S19	R59_S20	R60_S21	R61_S22	R62_S5	R67_S6	R68_S7	R69_S8	R70_S9	R72_S10	R73_S11	R76_S13	R77_S14	R78_S15	R79_S16	R80_S17	R81_S18	R82_S19	R84_S20	R85_S21	R86_S22	R87_S23	R88_S24	R90_S25	R91_S26	R92_S27	R93_S29	R94_S30	R95_S31	R96_S32	R98_S33
231691324_S6	0	1252	1271	1270	1250	1240	1232	1252	1186	1233	1232	1262	1253	1236	1237	1244	1222	1234	1168	1261	1254	1261	1253	1251	1253	1240	1105	1161	1238	1240	1242	1250	1272	1264	1223	1264	1238	1247	1200	1231	1250	1257	1229	1162	1270	1272	1239	1258	1258	1257	1269	1273	1238	1232	1233	1244	1242	1231	1230	1221	1242	1212	1237	1243	1230	1232	1258	1233	1223	1186	1260	1232	1263	1207	1230	1225	1224	1264	1231	1261	1260	1279	1242	1229	1233	1225	1230	1240	1230	1279	1256	1218	1263	1242	1231	1257	1224	1241	1241	1253	1253	1234	1235	1231	1208	1207	1232	1282	1266	1242	1229	1275	1237	1236	1223	1231	1238	1238	1204	1228	1271	1234	1240	1230	1241	1222	1242	1253	1265	1232	1229	1231	1232	1232	1241	1269	1273	1253	1230	1243	1242	1256	1255	1234	1242	1234	1265	1242	1242	1239	1233	1241	1261	1242	1236	1231	1232	1244	1242	1264	1274	1269	1230	1232	1241	1243	1238	1222	1234
233421898_S5	1252	0	7	7	0	1250	1278	1269	1147	1246	1246	1238	47	1251	1203	1233	1246	1254	1237	1271	1270	1270	1271	1269	1268	1280	1107	1163	1248	1293	1231	1268	1279	54	1241	1239	1254	1265	1262	1246	0	11	1244	1230	7	7	1221	1251	1251	1252	7	7	1275	1249	1252	1261	1260	1248	1247	1241	1259	1245	1254	1260	1240	1246	1260	1254	1241	1220	1298	1250	1262	1225	1247	1256	1241	1264	1241	1305	1261	1291	1265	1245	1254	1256	1243	1249	1249	1303	1257	1250	34	1260	1250	1229	1244	1259	1260	1	2	1246	1245	1243	1231	1225	1246	1283	1265	1259	1247	1274	1250	1247	1239	1244	1257	1257	1222	1244	1313	1245	1257	1248	1259	1239	1259	1227	33	1244	1248	1249	1246	1252	1259	1315	1306	0	1246	1260	1259	1277	1260	1254	1259	1246	33	1259	1259	1248	1244	1265	6	1259	1247	1250	1245	1261	1259	1318	1272	1315	1247	1249	1264	1266	1255	1240	1255
233422248_S3	1271	7	0	0	7	1251	1277	1269	1151	1246	1245	1246	50	1249	1208	1235	1249	1255	1245	1277	1272	1288	1271	1269	1269	1281	1108	1163	1248	1305	1233	1268	1298	56	1243	1247	1252	1265	1266	1247	7	14	1245	1233	1	0	1226	1266	1266	1266	0	0	1276	1250	1253	1263	1261	1249	1248	1241	1260	1248	1254	1262	1241	1252	1279	1255	1243	1219	1302	1251	1282	1229	1247	1259	1242	1284	1243	1310	1282	1313	1281	1246	1255	1259	1243	1250	1248	1317	1275	1247	39	1260	1250	1241	1244	1260	1260	8	9	1246	1246	1243	1234	1229	1252	1288	1284	1260	1247	1298	1251	1246	1240	1245	1256	1256	1226	1245	1314	1245	1258	1248	1259	1239	1260	1239	39	1244	1247	1249	1245	1253	1259	1320	1313	8	1247	1262	1260	1280	1278	1255	1260	1246	40	1260	1260	1249	1245	1269	9	1260	1248	1250	1251	1262	1260	1327	1297	1319	1247	1250	1268	1282	1256	1241	1256
233430166_S4	1270	7	0	0	8	1251	1277	1269	1151	1246	1245	1245	50	1249	1207	1236	1248	1256	1245	1277	1270	1286	1271	1269	1268	1282	1108	1163	1248	1306	1234	1268	1298	55	1243	1248	1252	1264	1265	1247	8	15	1245	1233	1	0	1225	1267	1267	1267	0	0	1277	1250	1253	1261	1259	1249	1248	1241	1258	1248	1252	1260	1241	1252	1277	1256	1243	1218	1301	1251	1280	1229	1247	1259	1242	1282	1243	1310	1280	1312	1281	1246	1256	1259	1243	1250	1248	1318	1273	1247	39	1258	1250	1242	1244	1258	1258	8	10	1246	1246	1243	1234	1229	1252	1288	1282	1258	1247	1297	1251	1246	1240	1245	1254	1254	1226	1245	1314	1245	1256	1248	1257	1239	1258	1240	39	1244	1247	1249	1245	1254	1257	1320	1312	8	1247	1260	1258	1279	1276	1256	1258	1246	39	1258	1258	1249	1245	1267	9	1258	1248	1250	1251	1260	1258	1327	1296	1319	1247	1250	1266	1282	1254	1241	1257
23SB-106M0036_S15_L001	1250	0	7	8	0	1249	1276	1267	1145	1245	1244	1237	47	1250	1202	1231	1245	1253	1235	1268	1268	1268	1269	1267	1266	1277	1106	1162	1246	1290	1229	1266	1277	54	1240	1238	1253	1263	1261	1245	0	12	1243	1228	9	8	1221	1250	1250	1250	8	8	1272	1248	1251	1260	1259	1247	1246	1239	1258	1245	1252	1259	1238	1245	1257	1253	1240	1218	1296	1249	1259	1224	1246	1255	1240	1261	1240	1303	1259	1290	1263	1244	1253	1255	1242	1248	1247	1302	1255	1249	34	1258	1249	1228	1243	1258	1258	1	2	1244	1244	1241	1230	1224	1245	1281	1262	1258	1246	1271	1249	1245	1238	1243	1255	1255	1221	1243	1311	1243	1256	1247	1257	1237	1258	1225	33	1242	1246	1248	1244	1251	1257	1313	1303	1	1245	1259	1258	1275	1258	1253	1258	1244	33	1258	1258	1247	1243	1264	7	1258	1246	1249	1244	1260	1258	1317	1270	1313	1246	1248	1263	1264	1254	1239	1254
23SB-143M0036_S5_L001	1240	1250	1251	1251	1249	0	1259	1207	1164	52	51	1169	1251	62	1253	1197	141	130	1234	1214	1208	1208	1208	1206	1205	1277	1107	1164	0	1292	1195	1207	1263	1263	42	1263	63	1201	1227	61	1250	1255	61	1217	1252	1253	1270	1285	1285	1286	1251	1253	1272	52	53	145	144	52	52	130	144	1236	142	144	7	53	1199	130	42	119	1253	53	1203	46	51	1248	55	1205	8	1280	1203	1288	1275	51	130	1248	49	0	51	1314	1199	137	1247	143	53	1170	59	145	144	1251	1251	6	7	8	127	46	54	1290	1206	145	52	1279	52	0	53	55	143	143	46	62	1270	6	145	52	144	52	144	1165	1250	7	50	52	51	130	142	1291	1269	1251	61	144	144	1259	1197	130	144	6	1250	144	145	0	7	144	1260	144	6	52	53	144	145	1285	1279	1289	51	52	144	1279	144	130	130
23SC-014M0062_S3_L001	1232	1278	1277	1277	1276	1259	0	1186	1135	1253	1253	1234	1278	1257	1254	1169	1245	1246	1193	1240	1186	1243	1185	1183	1184	1194	1098	1154	1258	1256	1167	1183	1250	1289	1243	1243	1257	1181	1218	1249	1277	1283	1248	1182	1278	1280	1268	1213	1213	1214	1278	1279	1189	1249	1249	1264	1261	1248	1247	1238	1261	1211	1254	1263	1229	1246	1216	1247	1243	1223	1231	1249	1222	1212	1246	1222	1243	1224	1253	1254	1219	1250	1223	1246	1246	1221	1249	1258	1248	1267	1217	1246	1280	1262	1248	1232	1247	1260	1261	1278	1277	1256	1257	1253	1231	1212	1246	1265	1223	1261	1245	1242	1257	1256	1242	1250	1258	1258	1209	1248	1276	1256	1259	1246	1261	1242	1261	1233	1279	1254	1246	1248	1253	1245	1260	1267	1267	1278	1249	1263	1261	1232	1218	1247	1260	1257	1281	1261	1262	1258	1254	1262	1287	1260	1257	1248	1246	1263	1262	1242	1241	1267	1246	1249	1262	1226	1255	1237	1247
23SC-035M0015_S9_L001	1252	1269	1269	1269	1267	1207	1186	0	1126	1198	1198	1219	1262	1200	1226	1	1187	1194	1173	1233	0	1233	0	0	0	1200	1087	1142	1206	1225	1	0	1247	1276	1193	1218	1202	1	1241	1199	1268	1272	1199	1164	1271	1271	1225	1241	1241	1243	1271	1271	1196	1197	1199	1206	1203	1197	1195	1186	1202	1200	1199	1205	1191	1194	1222	1194	1193	1167	1248	1198	1229	1175	1194	1210	1189	1230	1194	1245	1223	1191	1214	1193	1195	1210	1197	1205	1197	1249	1220	1198	1266	1205	1197	1227	1193	1202	1203	1269	1268	1198	1199	1197	1174	1175	1194	1233	1229	1202	1194	1238	1204	1202	1187	1195	1199	1199	1172	1197	1251	1197	1200	1195	1202	1187	1203	1226	1268	1197	1194	1196	1198	1192	1203	1251	1251	1268	1201	1205	1202	1246	1221	1194	1202	1199	1269	1202	1202	1205	1197	1206	1277	1202	1199	1198	1193	1206	1202	1248	1237	1252	1195	1198	1205	1218	1201	1185	1195
23SC-083M0072_S18_L001	1186	1147	1151	1151	1145	1164	1135	1126	0	1159	1159	1171	1142	1162	1144	1128	1150	1156	1153	1193	1127	1173	1126	1124	1123	1170	1038	1089	1163	1188	1126	1124	1164	1154	1151	1149	1164	1120	1187	1154	1146	1152	1153	1153	1152	1153	1145	1166	1166	1167	1152	1153	1166	1158	1160	1160	1158	1158	1157	1150	1157	1161	1151	1159	1157	1158	1170	1154	1151	1126	1186	1159	1175	1146	1156	1170	1152	1176	1158	1174	1173	1189	1173	1155	1156	1170	1158	1163	1158	1169	1169	1153	1141	1161	1158	1158	1154	1157	1158	1147	1147	1158	1160	1157	1148	1146	1158	1156	1180	1157	1157	1167	1161	1160	1150	1155	1154	1154	1144	1154	1192	1157	1156	1157	1157	1150	1158	1157	1144	1157	1156	1157	1159	1153	1158	1179	1195	1148	1155	1159	1157	1150	1170	1155	1157	1159	1144	1157	1157	1162	1157	1165	1155	1157	1159	1159	1157	1162	1157	1168	1166	1176	1156	1159	1164	1173	1153	1149	1157
23SC-088M0045_S21_L001	1233	1246	1246	1246	1245	52	1253	1198	1159	0	0	1166	1247	58	1248	1187	134	126	1228	1206	1199	1202	1199	1197	1196	1272	1101	1156	51	1288	1185	1198	1255	1258	26	1260	58	1192	1222	59	1246	1251	59	1211	1247	1248	1265	1280	1280	1281	1246	1248	1268	49	49	140	141	49	49	128	141	1230	139	140	44	50	1192	125	26	115	1245	49	1196	34	48	1243	49	1198	48	1274	1196	1282	1271	48	126	1243	0	52	48	1309	1192	130	1243	137	49	1169	54	141	140	1247	1247	44	47	47	126	34	50	1285	1199	142	48	1272	45	51	48	52	140	140	34	58	1263	44	141	48	141	47	141	1163	1246	46	47	49	0	126	139	1283	1262	1247	59	139	141	1248	1190	126	140	44	1246	141	142	52	47	137	1256	141	45	49	50	138	142	1279	1272	1281	48	49	137	1273	141	129	126
23SC-089M0067_S23_L001	1232	1246	1245	1245	1244	51	1253	1198	1159	0	0	1165	1246	57	1248	1187	134	125	1228	1206	1199	1201	1199	1197	1196	1272	1101	1156	51	1288	1185	1198	1254	1257	25	1259	57	1192	1221	58	1245	1250	58	1210	1246	1247	1264	1279	1279	1281	1246	1247	1268	48	48	139	140	48	48	128	140	1229	139	139	44	49	1192	124	25	115	1244	48	1196	33	47	1242	48	1198	47	1273	1195	1281	1270	47	125	1242	0	51	48	1308	1191	129	1242	137	48	1168	54	140	140	1246	1246	44	46	47	125	33	49	1284	1199	141	47	1272	44	51	47	51	140	140	33	57	1262	44	140	47	141	47	140	1163	1245	46	47	48	0	125	139	1282	1262	1246	58	138	140	1247	1189	125	139	44	1245	140	141	51	46	136	1255	140	44	48	49	137	141	1278	1271	1280	47	48	136	1272	140	128	125
23SC-121M0012_S12_L001	1262	1238	1246	1245	1237	1169	1234	1219	1171	1166	1165	0	1241	1172	1224	1218	1157	1160	1189	1234	1221	1263	1221	1220	1221	1238	1105	1163	1167	1255	1216	1219	1177	1249	1158	1246	1174	1216	1221	1160	1238	1243	1159	1193	1246	1248	1227	1237	1237	1238	1245	1248	1236	1162	1162	1181	1177	1161	1160	1148	1176	1212	1171	1180	1151	1166	1249	1159	1158	1151	1223	1162	1253	1138	1160	1223	1158	1255	1162	1220	1252	1253	1230	1158	1159	1222	1163	1169	1160	1274	1247	1163	1239	1176	1161	92	1155	1177	1176	1239	1238	1162	1166	1162	1144	1138	1166	1266	1254	1176	1159	1276	1167	1165	1157	1162	1173	1173	1135	1156	1271	1161	1174	1160	1175	1156	1176	89	1241	1162	1159	1161	1165	1157	1175	1231	1262	1238	1160	1180	1177	1265	1248	1159	1176	1163	1243	1177	1177	1168	1163	1175	1246	1177	1164	1161	1166	1178	1177	1211	1276	1231	1160	1162	1175	1233	1172	1149	1160
23SC-140M0057_S6_L001	1253	47	50	50	47	1251	1278	1262	1142	1247	1246	1241	0	1254	1211	1226	1243	1262	1232	1267	1264	1282	1265	1262	1261	1275	1101	1156	1248	1294	1224	1261	1291	48	1242	1236	1257	1260	1269	1248	46	51	1246	1225	50	49	1235	1247	1247	1248	49	50	1269	1250	1253	1261	1260	1249	1248	1237	1259	1240	1252	1260	1239	1247	1258	1262	1242	1216	1298	1251	1262	1227	1247	1251	1242	1264	1243	1313	1260	1309	1262	1245	1262	1251	1244	1250	1248	1296	1255	1247	31	1259	1250	1243	1244	1259	1259	48	48	1247	1247	1244	1229	1227	1247	1288	1263	1259	1247	1272	1251	1246	1240	1245	1255	1255	1224	1246	1324	1247	1257	1248	1258	1239	1259	1243	30	1245	1247	1249	1246	1260	1257	1325	1304	48	1248	1260	1259	1287	1257	1262	1259	1247	29	1259	1260	1249	1246	1263	46	1259	1249	1250	1246	1261	1260	1328	1271	1326	1247	1250	1262	1261	1255	1237	1263
23SG-024M0143_S4_L001	1236	1251	1249	1249	1250	62	1257	1200	1162	58	57	1172	1254	0	1263	1191	137	130	1226	1212	1201	1210	1200	1198	1198	1275	1101	1157	61	1295	1189	1199	1257	1263	46	1259	1	1196	1221	58	1251	1256	59	1213	1250	1251	1284	1258	1258	1259	1249	1251	1270	49	50	149	149	49	49	128	149	1232	145	148	52	46	1188	129	47	118	1249	50	1191	51	48	1245	51	1193	57	1288	1191	1300	1270	48	130	1245	57	62	49	1290	1188	128	1244	146	51	1181	55	151	150	1252	1252	55	58	58	124	51	48	1295	1196	150	49	1261	59	62	50	54	149	148	52	60	1264	55	149	50	148	49	149	1177	1247	57	47	49	57	130	147	1300	1248	1252	58	149	149	1258	1187	129	149	55	1247	149	150	62	58	136	1262	148	56	49	46	147	150	1294	1260	1299	50	49	135	1273	147	127	129
23SG-034M0106_S8_L001	1237	1203	1208	1207	1202	1253	1254	1226	1144	1248	1248	1224	1211	1263	0	1211	1242	1245	1218	1232	1227	1281	1227	1225	1224	1239	1099	1156	1251	1258	1209	1225	1250	1208	1239	1229	1265	1222	1259	1242	1203	1206	1241	1250	1207	1208	2	1241	1241	1243	1207	1209	1235	1246	1247	1264	1262	1245	1244	1230	1263	1237	1257	1262	1245	1253	1245	1245	1239	1213	1278	1247	1250	1230	1244	1248	1240	1251	1247	1267	1245	1265	1248	1242	1244	1247	1246	1252	1245	1250	1241	1255	1199	1262	1246	1217	1241	1263	1264	1203	1203	1247	1248	1245	1225	1230	1254	1262	1251	1264	1244	1267	1250	1250	1238	1241	1260	1259	1228	1242	1274	1246	1261	1245	1264	1238	1263	1215	1201	1247	1245	1246	1248	1244	1262	1277	1259	1203	1243	1263	1262	1256	1243	1245	1262	1248	1202	1262	1263	1251	1246	1255	1210	1262	1248	1245	1253	1263	1263	1263	1265	1277	1245	1246	1254	1251	1258	1229	1246
23SG-074M0109_S16_L001	1244	1233	1235	1236	1231	1197	1169	1	1128	1187	1187	1218	1226	1191	1211	0	1183	1188	1176	1233	0	1229	0	1	2	1203	1088	1145	1196	1227	0	1	1218	1239	1182	1222	1193	0	1241	1189	1232	1236	1188	1167	1237	1238	1211	1235	1235	1236	1237	1237	1199	1187	1189	1192	1189	1187	1185	1178	1188	1204	1185	1191	1183	1184	1220	1188	1182	1156	1228	1188	1226	1180	1184	1214	1180	1227	1182	1219	1221	1157	1215	1183	1189	1214	1186	1195	1187	1227	1218	1189	1230	1191	1187	1208	1183	1188	1189	1233	1232	1187	1188	1186	1176	1180	1184	1227	1227	1188	1184	1236	1193	1192	1178	1185	1185	1185	1177	1187	1236	1186	1186	1185	1188	1178	1189	1207	1233	1186	1184	1186	1187	1186	1189	1226	1241	1233	1191	1191	1188	1215	1219	1188	1188	1188	1233	1188	1188	1195	1186	1198	1241	1188	1188	1188	1183	1192	1188	1217	1235	1227	1185	1188	1197	1220	1187	1177	1189
23SG-130M0102_S10_L001	1222	1246	1249	1248	1245	141	1245	1187	1150	134	134	1157	1243	137	1242	1183	0	73	1223	1200	1188	1176	1187	1185	1186	1270	1095	1149	140	1270	1181	1186	1225	1258	124	1241	137	1182	1205	136	1246	1251	136	1208	1249	1251	1260	1243	1243	1244	1248	1251	1266	126	127	68	68	126	126	126	69	1221	65	67	128	124	1168	72	124	61	1237	127	1171	130	125	1234	122	1173	136	1259	1171	1260	1249	125	73	1234	133	141	125	1277	1167	75	1242	65	127	1150	130	69	68	1247	1247	134	137	133	125	130	125	1272	1174	69	125	1246	136	140	121	128	67	67	130	136	1230	134	69	126	68	120	69	1145	1244	133	124	126	134	73	67	1269	1232	1247	136	68	68	1235	1168	73	69	134	1245	68	69	141	134	81	1255	68	135	126	124	66	69	1254	1246	1269	125	126	81	1249	67	126	73
23SG-145M0015_S3_L001	1234	1254	1255	1256	1253	130	1246	1194	1156	126	125	1160	1262	130	1245	1188	73	0	1227	1210	1194	1201	1194	1192	1192	1249	1102	1158	129	1259	1186	1193	1235	1266	112	1246	129	1189	1220	128	1254	1259	127	1215	1257	1258	1244	1256	1256	1257	1256	1257	1245	120	120	86	86	120	120	115	87	1227	84	85	118	133	1177	0	111	55	1240	120	1180	117	119	1240	117	1182	123	1258	1181	1284	1262	119	0	1240	125	130	119	1278	1176	31	1253	83	119	1165	122	86	85	1255	1254	122	125	122	115	117	132	1269	1184	87	118	1263	127	129	115	121	84	84	115	128	1238	121	86	118	86	115	87	1162	1255	122	118	120	125	0	85	1270	1222	1256	128	85	86	1253	1175	1	87	122	1255	86	87	130	123	36	1264	86	123	120	133	84	87	1279	1263	1270	118	120	36	1265	86	116	1
23SH-005M1638_S1_L001	1168	1237	1245	1245	1235	1234	1193	1173	1153	1228	1228	1189	1232	1226	1218	1176	1223	1227	0	1234	1175	1246	1174	1173	1173	1224	1094	1152	1233	1192	1175	1172	1218	1245	1220	1237	1228	1169	1143	1224	1235	1242	1223	165	1246	1247	1216	1049	1049	1050	1246	1247	1220	1226	1227	1234	1229	1225	1224	1217	1229	1173	1226	1232	1226	1224	1244	1227	1220	1191	1221	1227	1249	1216	1224	1185	1221	1250	1224	1221	1246	1201	1200	1222	1227	1185	1225	1234	1225	1274	1241	1219	1236	1231	1226	1179	1220	1229	1230	1237	1237	1228	1227	1226	1210	1216	1225	1262	1251	1229	1224	1238	1232	1231	1220	1226	1226	1226	1213	1224	1244	1227	1227	1225	1229	1220	1229	1176	1239	1227	1224	1225	1228	1226	1229	1229	1245	1236	1224	1233	1229	1225	1241	1228	1230	1229	1239	1229	1229	1233	1227	1237	1245	1229	1229	1225	1224	1232	1229	1216	1237	1233	1224	1226	1237	1201	1226	1216	1227
23SH-009M1094_S2_L001	1261	1271	1277	1277	1268	1214	1240	1233	1193	1206	1206	1234	1267	1212	1232	1233	1200	1210	1234	0	1234	1268	1233	1230	1231	1255	1153	1210	1213	1263	1231	1231	1259	1279	1201	1279	1214	1228	1233	1203	1268	1274	1202	1229	1278	1278	1245	1257	1257	1259	1278	1279	1252	1206	1207	1213	1212	1205	1204	1200	1212	1228	1207	1212	1204	1203	1260	1209	1200	1174	1266	1206	1264	1192	1205	1240	1197	1265	1205	1285	1260	1274	1246	1204	1209	1240	1203	1214	1205	1276	1256	1208	1266	1213	1205	1227	1201	1211	1212	1271	1271	1209	1209	1209	1196	1192	1203	1287	1269	1212	1205	1235	1212	1211	1196	1202	1209	1209	1189	1201	28	1209	1210	1205	1212	1196	1212	1223	1269	1209	1204	1205	1206	1207	1212	1292	20	1271	1202	1212	1212	1266	1259	1209	1211	1209	1268	1212	1212	1213	1209	1212	1280	1212	1210	1205	1203	1214	1212	1272	1233	1290	1204	1206	1212	1247	1207	1199	1210
23SH-029M0358_S5_L001	1254	1270	1272	1270	1268	1208	1186	0	1127	1199	1199	1221	1264	1201	1227	0	1188	1194	1175	1234	0	1236	0	1	0	1200	1087	1142	1207	1225	0	1	1246	1278	1194	1219	1203	0	1243	1200	1269	1274	1199	1166	1271	1273	1226	1242	1242	1244	1271	1274	1196	1198	1200	1207	1204	1198	1196	1187	1203	1200	1200	1206	1193	1195	1225	1194	1194	1167	1251	1199	1231	1177	1195	1210	1190	1232	1195	1244	1226	1192	1215	1194	1195	1210	1198	1206	1198	1250	1223	1200	1268	1206	1198	1228	1194	1203	1204	1270	1270	1199	1200	1198	1175	1177	1195	1234	1232	1203	1195	1239	1205	1203	1188	1196	1200	1200	1174	1198	1252	1198	1201	1196	1203	1188	1204	1227	1269	1198	1195	1197	1199	1192	1204	1250	1253	1269	1202	1206	1203	1247	1224	1194	1203	1200	1271	1203	1203	1206	1198	1208	1278	1203	1200	1199	1194	1207	1203	1249	1238	1251	1196	1199	1207	1218	1202	1186	1195
23SH-030M2179_S6_L001	1261	1270	1288	1286	1268	1208	1243	1233	1173	1202	1201	1263	1282	1210	1281	1229	1176	1201	1246	1268	1236	0	1235	1232	1233	1266	1120	1179	1206	1248	1227	1232	1283	1284	1196	1260	1211	1230	1260	1197	1269	1275	1196	1239	1287	1289	1284	1259	1259	1259	1286	1290	1262	1199	1200	1211	1210	1199	1197	1175	1210	1217	1204	1209	1199	1203	49	1200	1195	1156	1280	1200	49	1169	1196	1228	1196	49	1200	1266	48	1313	1231	1196	1202	1229	1201	1207	1198	1290	49	1200	1286	1207	1199	1250	1196	1211	1211	1271	1271	1200	1205	1201	1158	1169	1203	1303	47	1211	1197	1292	1206	1204	1194	1194	1208	1207	1166	1196	1319	1199	1208	1197	1210	1193	1211	1245	1286	1202	1196	1199	1201	1200	1210	1275	1306	1270	1199	1210	1210	1290	91	1201	1210	1201	1288	1210	1210	1206	1202	1204	1279	1210	1202	1199	1202	1209	1210	1285	1292	1275	1197	1200	1203	1232	1206	1174	1201
23SH-033M1095_S7_L001	1253	1271	1271	1271	1269	1208	1185	0	1126	1199	1199	1221	1265	1200	1227	0	1187	1194	1174	1233	0	1235	0	1	0	1201	1086	1143	1207	1226	0	1	1247	1278	1194	1220	1202	0	1243	1200	1270	1274	1199	1165	1272	1273	1226	1243	1243	1245	1272	1273	1197	1198	1200	1206	1203	1198	1196	1187	1202	1202	1199	1205	1192	1195	1224	1194	1194	1167	1249	1199	1230	1176	1195	1212	1190	1231	1195	1245	1225	1193	1215	1194	1195	1212	1198	1206	1198	1251	1222	1199	1268	1205	1198	1229	1194	1202	1203	1271	1270	1199	1200	1198	1175	1176	1195	1234	1231	1202	1195	1239	1205	1203	1188	1196	1199	1199	1173	1198	1252	1198	1200	1196	1202	1188	1203	1228	1270	1198	1195	1197	1199	1192	1203	1251	1252	1270	1202	1205	1202	1247	1223	1194	1202	1200	1271	1202	1202	1206	1198	1207	1279	1202	1200	1199	1194	1206	1202	1248	1238	1252	1196	1199	1206	1219	1201	1186	1195
23SH-038M1879_S10_L001	1251	1269	1269	1269	1267	1206	1183	0	1124	1197	1197	1220	1262	1198	1225	1	1185	1192	1173	1230	1	1232	1	0	1	1199	1084	1141	1205	1225	1	0	1247	1276	1192	1217	1200	1	1241	1198	1268	1273	1197	1164	1270	1271	1223	1243	1243	1245	1270	1271	1195	1196	1198	1204	1201	1196	1194	1185	1200	1200	1197	1203	1190	1193	1221	1192	1192	1165	1247	1197	1227	1174	1193	1210	1188	1228	1193	1245	1222	1191	1214	1192	1193	1210	1196	1204	1196	1250	1219	1197	1266	1203	1196	1228	1192	1200	1201	1269	1268	1197	1199	1196	1173	1174	1193	1231	1228	1200	1193	1237	1203	1201	1186	1195	1197	1197	1171	1196	1249	1196	1198	1194	1200	1186	1201	1227	1268	1196	1193	1195	1197	1190	1201	1251	1249	1268	1200	1203	1200	1245	1220	1192	1200	1198	1269	1200	1200	1204	1196	1205	1277	1200	1198	1197	1192	1204	1200	1245	1236	1251	1194	1197	1204	1218	1199	1184	1193
23SH-049M0198_S11_L001	1253	1268	1269	1268	1266	1205	1184	0	1123	1196	1196	1221	1261	1198	1224	2	1186	1192	1173	1231	0	1233	0	1	0	1197	1084	1141	1205	1223	2	1	1246	1276	1191	1217	1200	1	1243	1197	1267	1272	1196	1163	1269	1271	1224	1242	1242	1244	1269	1271	1195	1195	1197	1204	1202	1195	1193	1184	1201	1199	1198	1203	1189	1192	1223	1191	1191	1165	1247	1196	1229	1174	1192	1209	1187	1230	1193	1243	1223	1192	1212	1191	1193	1209	1195	1204	1195	1246	1221	1195	1266	1203	1195	1227	1192	1201	1202	1268	1267	1196	1197	1195	1173	1174	1192	1233	1230	1201	1192	1238	1202	1201	1185	1195	1198	1198	1171	1195	1250	1195	1199	1193	1201	1185	1202	1225	1267	1195	1192	1194	1196	1190	1202	1250	1251	1268	1199	1203	1201	1246	1222	1192	1201	1197	1269	1201	1201	1204	1195	1205	1276	1201	1197	1196	1191	1204	1201	1247	1237	1251	1193	1196	1204	1216	1200	1183	1193
23SH-050M1003_S12_L001	1240	1280	1281	1282	1277	1277	1194	1200	1170	1272	1272	1238	1275	1275	1239	1203	1270	1249	1224	1255	1200	1266	1201	1199	1197	0	1122	1180	1276	1265	1201	1198	1251	1290	1263	1271	1275	1194	1228	1266	1278	1284	1265	1217	1283	1284	1256	1251	1251	1253	1283	1283	0	1267	1268	1279	1276	1267	1265	1264	1275	1225	1270	1277	1244	1263	1258	1249	1263	1236	1226	1268	1262	1234	1264	1237	1263	1263	1268	1277	1260	1244	1240	1263	1250	1237	1269	1275	1267	1297	1256	1271	1274	1276	1267	1226	1263	1276	1277	1280	1279	1271	1273	1270	1261	1234	1264	1288	1265	1275	1264	1247	1273	1274	1261	1264	1273	1273	1232	1267	1266	1271	1274	1265	1275	1261	1276	1223	1275	1270	1264	1266	1272	1247	1276	1287	1268	1281	1267	1278	1276	1227	1257	1249	1276	1272	1276	1276	1276	1275	1270	1283	1289	1275	1272	1267	1263	1277	1276	1282	1246	1288	1264	1268	1283	1242	1271	1262	1251
23SH-053M1623_S13_L001	1105	1107	1108	1108	1106	1107	1098	1087	1038	1101	1101	1105	1101	1101	1099	1088	1095	1102	1094	1153	1087	1120	1086	1084	1084	1122	0	1	1107	1119	1087	1085	1112	1114	1091	556	1103	1083	1129	1097	1107	1111	1097	1094	1109	1109	1099	1100	1100	1101	1109	1109	1121	1100	1100	1103	1101	1100	1099	1091	1101	1097	1096	1102	1098	1096	1114	1101	1091	1073	1141	1100	1119	1089	1097	1109	1097	1120	1101	1124	1115	1133	1110	1095	1100	1109	1098	1107	1099	1118	1115	1101	1104	1104	1099	1095	1098	1101	1101	1107	1106	1101	1103	1102	1092	1089	1096	1110	1121	1101	1096	1143	1102	1106	1096	1098	1099	1099	1087	1099	1163	1101	1099	1097	1101	1096	1101	1090	1105	1102	1098	1099	1101	1099	1101	1133	1164	1104	1097	1102	1101	1118	1114	1101	1100	1102	1106	1101	1101	1107	1102	1110	1113	1101	1102	1099	1096	1105	1101	1129	1142	1128	1098	1100	1110	1112	1096	1091	1102
23SH-053M1624_S14_L001	1161	1163	1163	1163	1162	1164	1154	1142	1089	1156	1156	1163	1156	1157	1156	1145	1149	1158	1152	1210	1142	1179	1143	1141	1141	1180	1	0	1163	1173	1144	1140	1166	1170	1146	580	1159	1139	1187	1153	1163	1166	1153	1157	1165	1165	1157	1156	1156	1157	1165	1165	1179	1156	1156	1159	1157	1156	1155	1145	1157	1152	1152	1158	1154	1152	1172	1156	1146	1127	1193	1156	1178	1142	1153	1164	1151	1179	1157	1182	1173	1192	1164	1151	1156	1164	1153	1164	1155	1180	1173	1161	1157	1159	1155	1146	1152	1156	1157	1163	1162	1158	1160	1157	1146	1142	1152	1173	1180	1157	1152	1206	1158	1162	1150	1152	1155	1155	1139	1155	1227	1158	1155	1153	1157	1150	1157	1141	1158	1158	1154	1155	1156	1155	1157	1190	1227	1160	1153	1158	1157	1174	1173	1157	1156	1159	1159	1157	1157	1163	1158	1164	1169	1157	1159	1155	1152	1160	1157	1184	1205	1186	1154	1156	1164	1166	1152	1145	1158
23SH-063M0013_S15_L001	1238	1248	1248	1248	1246	0	1258	1206	1163	51	51	1167	1248	61	1251	1196	140	129	1233	1213	1207	1206	1207	1205	1205	1276	1107	1163	0	1291	1194	1206	1261	1260	41	1261	62	1200	1225	60	1247	1252	60	1215	1249	1250	1268	1283	1283	1285	1249	1250	1272	51	52	144	143	51	51	130	143	1234	142	143	7	52	1198	128	41	119	1250	52	1202	45	50	1246	54	1204	8	1278	1200	1286	1273	50	129	1246	48	0	51	1311	1197	135	1244	143	52	1168	59	144	144	1248	1248	6	7	8	126	45	53	1288	1205	144	51	1279	51	0	52	54	143	143	45	61	1268	6	144	51	144	52	143	1163	1247	7	50	51	51	129	142	1289	1268	1248	60	143	143	1256	1195	129	143	6	1247	143	144	0	7	143	1257	143	6	51	52	143	144	1283	1278	1287	50	51	143	1276	143	129	129
23SH-065M0295_S16_L001	1240	1293	1305	1306	1290	1292	1256	1225	1188	1288	1288	1255	1294	1295	1258	1227	1270	1259	1192	1263	1225	1248	1226	1225	1223	1265	1119	1173	1291	0	1225	1224	1257	1304	1278	1285	1296	1221	1217	1282	1291	1297	1281	1181	1307	1308	1274	1251	1251	1251	1307	1307	1261	1284	1285	1297	1293	1283	1282	1280	1292	21	1288	1295	1256	1283	1242	1258	1278	1247	1249	1285	1246	1240	1281	21	1282	1247	1287	1215	1243	1265	30	1279	1258	21	1284	1292	1283	1309	1239	1279	1302	1293	1284	1254	1281	1293	1294	1293	1292	1286	1289	1287	1268	1240	1284	1292	1249	1292	1281	1261	1290	1290	1280	1281	1290	1290	1237	1283	1284	1285	1290	1282	1292	1280	1292	1249	1303	1287	1281	1283	1288	1256	1292	1227	1280	1294	1282	1296	1293	1248	1238	1258	1293	1287	1304	1293	1293	1291	1287	1296	1301	1292	1287	1283	1283	1294	1293	1232	1260	1224	1281	1284	1296	42	1288	1279	1258
23SH-066M0152_S17_L001	1242	1231	1233	1234	1229	1195	1167	1	1126	1185	1185	1216	1224	1189	1209	0	1181	1186	1175	1231	0	1227	0	1	2	1201	1087	1144	1194	1225	0	1	1216	1237	1180	1220	1191	0	1239	1187	1230	1234	1186	1166	1235	1236	1209	1233	1233	1234	1235	1235	1197	1185	1187	1190	1187	1185	1183	1176	1186	1202	1183	1189	1181	1182	1218	1186	1180	1154	1226	1186	1224	1178	1182	1212	1178	1225	1180	1217	1219	1155	1213	1181	1187	1212	1184	1193	1185	1225	1216	1187	1228	1189	1185	1206	1181	1186	1187	1231	1230	1185	1186	1184	1174	1178	1182	1225	1225	1186	1182	1234	1191	1190	1176	1183	1183	1183	1175	1185	1234	1184	1184	1183	1186	1176	1187	1205	1231	1184	1182	1184	1185	1184	1187	1224	1239	1231	1189	1189	1186	1213	1217	1186	1186	1186	1231	1186	1186	1193	1184	1196	1239	1186	1186	1186	1181	1190	1186	1215	1233	1225	1183	1186	1195	1218	1185	1175	1187
23SH-071M0020_S18_L001	1250	1268	1268	1268	1266	1207	1183	0	1124	1198	1198	1219	1261	1199	1225	1	1186	1193	1172	1231	1	1232	1	0	1	1198	1085	1140	1206	1224	1	0	1245	1275	1193	1217	1201	1	1240	1199	1267	1272	1198	1163	1269	1270	1223	1240	1240	1242	1269	1270	1194	1197	1199	1205	1202	1197	1195	1186	1201	1199	1198	1204	1191	1194	1221	1193	1193	1166	1247	1198	1227	1175	1194	1209	1189	1228	1194	1244	1222	1189	1213	1193	1194	1209	1197	1205	1197	1249	1219	1198	1265	1204	1197	1226	1193	1201	1202	1268	1267	1198	1199	1197	1174	1175	1194	1231	1228	1201	1194	1236	1204	1202	1187	1195	1198	1198	1172	1197	1250	1197	1199	1195	1201	1187	1202	1225	1267	1197	1194	1196	1198	1191	1202	1250	1250	1267	1201	1204	1201	1244	1220	1193	1201	1199	1268	1201	1201	1205	1197	1206	1276	1201	1199	1198	1193	1205	1201	1246	1235	1250	1195	1198	1205	1217	1200	1185	1194
23SH-077M0027_S17_L001	1272	1279	1298	1298	1277	1263	1250	1247	1164	1255	1254	1177	1291	1257	1250	1218	1225	1235	1218	1259	1246	1283	1247	1247	1246	1251	1112	1166	1261	1257	1216	1245	0	1291	1248	1249	1259	1243	1264	1249	1278	1286	1248	1212	1299	1300	1263	1285	1285	1284	1298	1300	1248	1253	1255	1277	1272	1252	1251	1226	1270	1211	1265	1276	1234	1261	1256	1235	1248	1208	1226	1254	1261	1204	1252	1222	1248	1263	1256	1274	1260	1306	1242	1250	1234	1222	1251	1263	1252	1294	1255	1230	1291	1270	1254	1183	1250	1271	1271	1280	1279	1256	1258	1257	1206	1204	1261	1290	1265	1270	1252	1266	1259	1259	1247	1250	1267	1267	1202	1249	1306	1256	1271	1253	1269	1246	1270	1182	1293	1257	1252	1253	1254	1233	1269	1282	1297	1280	1250	1276	1271	1254	1256	1235	1271	1257	1295	1271	1271	1262	1258	1255	1290	1271	1258	1254	1260	1272	1271	1240	1266	1281	1253	1253	1254	1246	1267	1226	1235
23SH-084M0850_S19_L001	1264	54	56	55	54	1263	1289	1276	1154	1258	1257	1249	48	1263	1208	1239	1258	1266	1245	1279	1278	1284	1278	1276	1276	1290	1114	1170	1260	1304	1237	1275	1291	0	1254	1248	1266	1273	1275	1259	53	56	1257	1239	55	54	1228	1263	1263	1263	54	56	1285	1261	1264	1275	1274	1260	1259	1253	1272	1257	1266	1274	1251	1257	1272	1266	1254	1231	1309	1262	1275	1237	1258	1268	1255	1277	1255	1317	1275	1300	1276	1256	1266	1268	1255	1262	1259	1307	1270	1264	39	1272	1261	1238	1256	1273	1273	55	55	1259	1259	1256	1244	1237	1257	1292	1278	1272	1258	1284	1263	1258	1253	1257	1269	1269	1234	1257	1323	1258	1271	1259	1271	1252	1272	1236	38	1257	1258	1260	1257	1264	1271	1326	1317	55	1259	1274	1273	1288	1272	1266	1273	1259	38	1273	1273	1261	1258	1280	54	1273	1261	1261	1256	1274	1273	1329	1283	1326	1258	1261	1279	1278	1268	1253	1267
23SH-089M0615_S20_L001	1223	1241	1243	1243	1240	42	1243	1193	1151	26	25	1158	1242	46	1239	1182	124	112	1220	1201	1194	1196	1194	1192	1191	1263	1091	1146	41	1278	1180	1193	1248	1254	0	1250	46	1187	1214	44	1241	1246	45	1204	1244	1245	1257	1269	1269	1270	1243	1245	1258	36	36	128	129	37	36	118	129	1221	127	128	32	37	1186	111	1	104	1234	36	1190	9	35	1234	36	1192	37	1267	1190	1278	1261	36	113	1234	26	41	37	1296	1186	119	1237	126	37	1160	43	129	128	1242	1242	32	37	37	116	9	38	1276	1193	130	35	1261	33	40	36	40	128	128	10	45	1258	32	129	36	129	35	130	1154	1240	35	35	36	25	112	128	1276	1256	1243	45	127	129	1238	1183	111	128	32	1240	129	130	41	36	124	1251	128	33	37	37	127	130	1272	1261	1274	36	37	124	1263	130	118	112
23SH-090M0134_S22_L001	1264	1239	1247	1248	1238	1263	1243	1218	1149	1260	1259	1246	1236	1259	1229	1222	1241	1246	1237	1279	1219	1260	1220	1217	1217	1271	556	580	1261	1285	1220	1217	1249	1248	1250	0	1261	1216	1250	1255	1239	1246	1254	1234	1249	1250	1233	1215	1215	1215	1248	1249	1266	1258	1258	1259	1257	1257	1256	1247	1256	1242	1251	1258	1245	1256	1255	1244	1250	1217	1260	1258	1259	1226	1255	1254	1253	1261	1256	1253	1258	1283	1268	1253	1245	1254	1257	1263	1256	1275	1256	1256	1242	1257	1257	1229	1251	1256	1256	1240	1239	1257	1260	1258	1237	1226	1256	1281	1261	1256	1254	1265	1260	1259	1252	1253	1253	1253	1224	1253	1303	1257	1253	1255	1255	1251	1256	1223	1245	1259	1254	1257	1259	1243	1255	1262	1306	1240	1255	1258	1257	1241	1252	1245	1256	1258	1245	1257	1257	1262	1260	1263	1248	1257	1259	1257	1256	1259	1257	1245	1265	1259	1255	1258	1263	1269	1252	1248	1245
23SH-103M0533_S19_L001	1238	1254	1252	1252	1253	63	1257	1202	1164	58	57	1174	1257	1	1265	1193	137	129	1228	1214	1203	1211	1202	1200	1200	1275	1103	1159	62	1296	1191	1201	1259	1266	46	1261	0	1198	1223	59	1254	1259	58	1216	1253	1254	1285	1260	1260	1261	1252	1254	1270	50	50	149	150	50	50	127	150	1234	146	149	53	47	1189	128	45	118	1251	50	1192	51	49	1247	51	1194	58	1289	1192	1302	1272	49	129	1247	57	63	49	1293	1189	128	1247	146	49	1183	55	151	150	1255	1255	56	59	59	123	51	46	1296	1196	151	49	1263	58	63	49	53	150	149	50	60	1265	56	149	48	149	49	150	1178	1250	58	47	50	57	129	148	1301	1250	1255	59	149	150	1259	1188	130	149	56	1250	150	151	63	59	136	1264	149	57	50	47	147	151	1297	1262	1300	49	50	135	1275	148	128	130
23SH-108M0271_S14_L001	1247	1265	1265	1264	1263	1201	1181	1	1120	1192	1192	1216	1260	1196	1222	0	1182	1189	1169	1228	0	1230	0	1	1	1194	1083	1139	1200	1221	0	1	1243	1273	1187	1216	1198	0	1237	1193	1264	1269	1192	1160	1265	1267	1222	1237	1237	1239	1265	1267	1190	1191	1193	1201	1198	1191	1189	1181	1197	1196	1194	1200	1185	1188	1218	1189	1187	1164	1243	1192	1225	1170	1188	1206	1184	1226	1188	1239	1219	1187	1210	1187	1190	1206	1191	1199	1191	1244	1217	1192	1262	1200	1191	1223	1189	1197	1198	1265	1264	1192	1193	1191	1168	1170	1188	1228	1225	1197	1188	1234	1198	1196	1182	1189	1194	1194	1167	1192	1246	1191	1195	1189	1197	1182	1198	1221	1263	1191	1188	1190	1192	1187	1198	1246	1247	1264	1195	1200	1197	1241	1217	1189	1197	1193	1265	1197	1197	1199	1191	1203	1273	1197	1193	1192	1187	1201	1197	1244	1233	1246	1189	1192	1202	1214	1196	1180	1190
23SH-113M0067_S13_L001	1200	1262	1266	1265	1261	1227	1218	1241	1187	1222	1221	1221	1269	1221	1259	1241	1205	1220	1143	1233	1243	1260	1243	1241	1243	1228	1129	1187	1225	1217	1239	1240	1264	1275	1214	1250	1223	1237	0	1219	1262	1269	1218	1131	1266	1268	1261	1243	1243	1244	1265	1268	1224	1220	1221	1238	1233	1219	1218	1195	1233	1196	1229	1236	1219	1224	1235	1218	1214	1180	1221	1221	1239	1208	1218	1208	1215	1241	1218	1266	1237	1245	1213	1217	1219	1208	1219	1227	1218	1299	1233	1200	1260	1234	1220	1220	1215	1233	1233	1263	1262	1221	1223	1220	1194	1208	1225	1275	1242	1233	1218	1272	1225	1223	1213	1218	1229	1229	1206	1217	1279	1220	1231	1219	1232	1212	1233	1217	1262	1221	1217	1219	1221	1217	1232	1277	1263	1264	1219	1237	1233	1227	1239	1219	1234	1222	1264	1233	1233	1226	1222	1221	1272	1233	1223	1219	1224	1236	1233	1235	1272	1278	1218	1220	1221	1216	1230	1195	1219
23SH-126M0162_S11_L001	1231	1246	1247	1247	1245	61	1249	1199	1154	59	58	1160	1248	58	1242	1189	136	128	1224	1203	1200	1197	1200	1198	1197	1266	1097	1153	60	1282	1187	1199	1249	1259	44	1255	59	1193	1219	0	1245	1251	1	1209	1247	1248	1259	1273	1273	1273	1246	1249	1261	10	11	144	145	10	11	130	145	1225	141	144	51	11	1190	127	45	117	1239	11	1192	52	10	1237	16	1194	56	1271	1192	1277	1265	10	128	1237	58	61	10	1305	1189	134	1242	142	11	1161	22	145	144	1247	1247	54	55	56	127	52	12	1283	1197	146	10	1269	57	60	15	9	144	144	52	1	1259	55	144	11	145	14	145	1154	1245	54	10	10	58	128	143	1283	1256	1247	1	143	145	1244	1187	127	144	54	1244	145	146	61	55	139	1256	145	56	10	11	143	146	1277	1268	1280	11	10	139	1266	143	129	127
23SH-134M0555_S9_L001	1250	0	7	8	0	1250	1277	1268	1146	1246	1245	1238	46	1251	1203	1232	1246	1254	1235	1268	1269	1269	1270	1268	1267	1278	1107	1163	1247	1291	1230	1267	1278	53	1241	1239	1254	1264	1262	1245	0	11	1244	1229	9	8	1222	1251	1251	1251	8	8	1273	1249	1251	1261	1260	1248	1247	1240	1259	1245	1253	1260	1239	1246	1257	1254	1241	1219	1297	1250	1260	1225	1247	1255	1241	1262	1241	1304	1260	1291	1264	1245	1254	1255	1243	1249	1248	1303	1256	1250	34	1259	1250	1229	1244	1259	1259	1	1	1244	1245	1242	1231	1225	1246	1281	1262	1259	1247	1271	1250	1246	1239	1244	1256	1256	1222	1244	1311	1243	1257	1248	1258	1238	1259	1226	33	1243	1247	1249	1245	1252	1258	1314	1304	1	1246	1260	1259	1276	1258	1254	1259	1245	33	1259	1259	1248	1244	1265	7	1259	1246	1250	1245	1261	1259	1318	1271	1314	1247	1249	1264	1265	1255	1240	1255
23SH-139M0292_S8_L001	1257	11	14	15	12	1255	1283	1272	1152	1251	1250	1243	51	1256	1206	1236	1251	1259	1242	1274	1274	1275	1274	1273	1272	1284	1111	1166	1252	1297	1234	1272	1286	56	1246	1246	1259	1269	1269	1251	11	0	1249	1235	15	14	1225	1257	1257	1257	14	15	1279	1254	1257	1266	1265	1253	1252	1245	1264	1250	1258	1265	1244	1250	1263	1259	1246	1223	1303	1255	1266	1230	1251	1261	1247	1268	1246	1314	1266	1294	1269	1249	1259	1261	1248	1254	1252	1308	1261	1255	39	1264	1254	1231	1248	1264	1264	12	13	1250	1250	1247	1236	1230	1250	1289	1269	1264	1252	1278	1255	1250	1245	1249	1260	1260	1227	1249	1318	1249	1262	1252	1263	1244	1264	1229	38	1248	1251	1253	1250	1257	1263	1324	1311	12	1251	1265	1264	1283	1263	1259	1264	1250	37	1264	1264	1253	1249	1271	12	1264	1252	1254	1249	1266	1264	1322	1277	1323	1251	1254	1270	1270	1260	1245	1260
23SH-141M0012_S7_L001	1229	1244	1245	1245	1243	61	1248	1199	1153	59	58	1159	1246	59	1241	1188	136	127	1223	1202	1199	1196	1199	1197	1196	1265	1097	1153	60	1281	1186	1198	1248	1257	45	1254	58	1192	1218	1	1244	1249	0	1208	1247	1247	1258	1272	1272	1272	1246	1247	1260	11	11	144	145	11	11	129	145	1224	141	144	51	12	1188	126	44	117	1238	11	1192	52	11	1236	16	1194	56	1270	1191	1276	1264	11	127	1236	58	61	10	1304	1188	134	1240	142	10	1160	22	145	144	1245	1245	54	55	55	126	52	11	1281	1195	146	11	1266	56	60	14	8	144	144	51	2	1257	54	144	10	145	14	145	1153	1243	54	10	11	58	127	143	1282	1255	1245	1	143	145	1243	1185	128	144	54	1243	145	146	61	55	140	1254	145	55	11	12	143	146	1276	1266	1279	10	11	140	1265	143	130	128
23SH-149M0289_S4_L001	1162	1230	1233	1233	1228	1217	1182	1164	1153	1211	1210	1193	1225	1213	1250	1167	1208	1215	165	1229	1166	1239	1165	1164	1163	1217	1094	1157	1215	1181	1166	1163	1212	1239	1204	1234	1216	1160	1131	1209	1229	1235	1208	0	1234	1235	1252	1034	1034	1034	1233	1235	1212	1210	1212	1218	1214	1209	1208	1203	1213	1162	1209	1217	1209	1210	1223	1215	1204	1179	1216	1211	1229	1200	1208	1174	1206	1230	1209	1212	1226	1178	1176	1206	1216	1174	1208	1217	1208	1284	1222	1227	1226	1214	1210	1170	1203	1213	1213	1231	1231	1210	1211	1209	1203	1200	1210	1278	1230	1213	1208	1243	1215	1213	1205	1209	1209	1209	1197	1211	1256	1209	1212	1209	1212	1204	1213	1167	1229	1210	1207	1209	1210	1214	1212	1219	1255	1230	1210	1217	1213	1226	1221	1216	1214	1211	1229	1213	1213	1216	1211	1222	1239	1213	1212	1210	1209	1216	1213	1201	1243	1222	1208	1210	1221	1176	1211	1203	1215
23SH-229M0995_S22_L001	1270	7	1	1	9	1252	1278	1271	1152	1247	1246	1246	50	1250	1207	1237	1249	1257	1246	1278	1271	1287	1272	1270	1269	1283	1109	1165	1249	1307	1235	1269	1299	55	1244	1249	1253	1265	1266	1247	9	15	1247	1234	0	1	1226	1268	1268	1268	0	1	1278	1251	1253	1262	1260	1250	1249	1242	1259	1249	1253	1261	1242	1253	1277	1257	1244	1219	1302	1252	1282	1230	1248	1260	1243	1284	1244	1311	1281	1313	1282	1247	1257	1260	1244	1251	1249	1319	1274	1248	40	1259	1251	1243	1245	1259	1259	9	10	1246	1247	1244	1235	1230	1253	1288	1282	1259	1248	1297	1252	1247	1241	1246	1255	1255	1227	1246	1314	1245	1257	1249	1258	1240	1259	1241	40	1245	1248	1250	1246	1255	1258	1321	1313	7	1248	1261	1259	1280	1276	1257	1259	1247	40	1259	1259	1250	1246	1268	10	1259	1248	1251	1252	1261	1259	1328	1297	1320	1248	1251	1267	1283	1255	1242	1258
23SH-230M0762_S21_L001	1272	7	0	0	8	1253	1280	1271	1153	1248	1247	1248	49	1251	1208	1238	1251	1258	1247	1278	1273	1289	1273	1271	1271	1284	1109	1165	1250	1308	1236	1270	1300	54	1245	1250	1254	1267	1268	1248	8	14	1247	1235	1	0	1227	1269	1269	1269	0	0	1279	1252	1254	1264	1262	1251	1250	1243	1261	1250	1255	1263	1243	1254	1279	1258	1245	1221	1304	1253	1283	1231	1249	1261	1244	1285	1245	1313	1283	1314	1283	1248	1258	1261	1245	1252	1250	1320	1276	1249	39	1261	1252	1244	1246	1261	1261	8	9	1247	1248	1245	1236	1231	1254	1289	1284	1261	1249	1298	1253	1248	1242	1247	1257	1257	1228	1247	1315	1246	1259	1250	1260	1241	1261	1242	39	1246	1249	1251	1247	1256	1260	1323	1315	8	1249	1263	1261	1282	1278	1258	1261	1248	39	1261	1261	1251	1247	1270	9	1261	1249	1252	1253	1263	1261	1330	1298	1322	1249	1252	1269	1284	1257	1243	1259
